# ВСЕ В ОДНОМ - Максимальная демонстрация всех возможностей

# 1. Зеркальная сфера (высокое отражение)
sphere -3.0 1.5 0.0 0.8 1.0 0.5 0.5 0.1 0.1 0.8 0.9 0.0 150 none

# 2. Прозрачная сфера (стекло)
sphere -1.0 1.5 0.0 0.8 0.8 0.9 1.0 0.1 0.2 0.3 0.2 0.5 120 none

# 3. Текстурированная сфера
sphere 1.0 1.5 0.0 0.8 1.0 1.0 1.0 0.2 0.6 0.2 0.1 0.0 64 sphere.bmp

# 4. Диффузная сфера (матовый)
sphere 3.0 1.5 0.0 0.8 0.2 0.8 0.2 0.3 0.7 0.0 0.0 0.0 32 none

# 5. Зеркальный тетраэдр
tetra -2.0 0.3 -2.0 -1.0 0.3 -2.0 -1.5 1.3 -2.0 -1.5 0.3 -1.0 0.7 0.7 0.9 0.1 0.2 0.7 0.8 0.0 180 none

# 6. Прозрачный тетраэдр
tetra 0.0 0.3 -2.0 1.0 0.3 -2.0 0.5 1.3 -2.0 0.5 0.3 -1.0 0.8 0.9 1.0 0.1 0.2 0.3 0.1 0.7 100 none

# 7. Текстурированный тетраэдр
tetra 2.0 0.3 -2.0 3.0 0.3 -2.0 2.5 1.3 -2.0 2.5 0.3 -1.0 1.0 1.0 1.0 0.2 0.5 0.3 0.1 0.0 48 marble.bmp

# 8. Пол с комплексной текстурой
plane 0 -1 0 0 1 0 1.0 1.0 1.0 0.3 0.5 0.2 0.1 0.0 64 floor_old.bmp

# 9. Зеркальная задняя стена
# plane 0 2 -5 0 0 1 0.9 0.9 0.9 0.1 0.1 0.1 0.8 0.0 200 none

# 10. Боковые стены с разными свойствами
# plane 4 1 0 -1 0 0 0.7 0.5 0.5 0.2 0.4 0.4 0.3 0.0 80 none
# plane -4 1 0 1 0 0 0.5 0.5 0.7 0.2 0.4 0.4 0.3 0.0 80 none
